1.584778	-2.0077934	-1.7871087	1.7978153	1.732437	-1.9439778	-1.8248433
-5.123163e-06	-5.6639346e-06	4.110385e-06	-1.0570569e-05	-6.7853225e-06	-1.0183386e-06	-6.2008876e-06
-1.6423326	-1.123926	1.05447	1.6056056	-1.725666	1.5051918	1.5702623
-0.6856914	-0.87732536	0.32718587	-1.7630256	1.384506	-1.8331926	1.8780543
1.6120107	1.8640443	-1.7837902	-1.7738827	1.398353	-1.6493764	-1.63429
-1.7756766	-2.015635	-2.0461488	-1.8945581	1.688229	1.5557305	1.6969625
-1.2824627	1.8417814	0.9853699	2.083445	-1.8311265	-2.1231613	1.3962592
0.4022083	0.37503147	1.4991821	-1.1261104	-1.2211326	0.0970224	0.00512819
1.1620065	1.2380879	1.4307553	-1.08299	-1.7131866	-0.9964764	0.7561799
0.000110993555	3.626557e-06	-1.6494709e-05	1.8789357e-05	4.958415e-05	-2.1977245e-05	9.083994e-05
-1.8857608	-2.1048062	0.91290843	1.785447	1.6746988	-1.9776661	0.943787
1.7167681	-1.506077	-0.8707296	-0.99634665	0.16655181	0.35077533	0.24435222
0.64715445	-1.0846403	0.19749823	1.7219642	-1.2816432	1.9122142	-2.09582
1.8264012	-1.8013759	-1.348784	0.30301484	-0.7536179	-1.6164156	-0.5071752
-1.8801202	1.9585942	-1.9061279	1.2577959	1.4980426	1.4022212	-2.065515
-1.5554892	0.6021167	-1.1978776	-1.6859523	1.5465	1.7171516	-1.3802781
